Input 6x6:
0 0 0 0 0 2
0 0 1 0 0 1
0 2 0 0 0 0
0 1 0 0 1 0
0 1 1 1 1 0
0 0 0 0 0 0

Input 6x6:
0 0 0 0 0 0
1 2 2 2 0 0
0 0 2 0 2 0
0 1 2 0 1 0
0 0 0 2 0 0
0 2 0 0 0 0

Input 6x6:
0 0 0 0 0 0
0 0 1 0 0 0
0 0 0 2 0 0
0 0 2 0 2 0
0 0 1 0 2 0
0 1 0 0 0 1

Input 6x6:
0 2 0 0 0 0
0 0 2 0 2 0
0 0 0 2 2 0
0 0 0 2 0 0
0 0 2 0 0 0
2 0 0 0 0 0

Input 6x6:
1 0 0 0 0 0
0 0 0 2 0 0
0 1 0 0 0 0
0 1 0 1 0 1
0 0 1 0 1 0
0 0 0 0 0 2

Input 6x6:
1 0 0 2 0 0
0 1 2 0 0 0
0 0 0 2 0 0
0 2 0 0 0 0
0 0 2 0 2 0
0 0 0 0 0 2

Input 6x6:
2 0 0 0 0 0
0 1 1 0 0 0
1 0 0 0 1 0
0 0 1 0 1 0
0 0 1 0 1 0
0 0 0 0 1 2

Input 6x6:
0 0 0 1 0 0
0 1 0 0 0 1
0 0 1 0 1 0
0 2 2 0 2 0
0 0 0 0 0 2
0 0 0 0 0 0

Input 6x6:
2 0 0 0 0 0
0 2 0 2 1 0
1 0 0 0 0 0
0 1 2 0 0 0
0 0 0 2 0 0
0 0 0 0 0 0


Input 6x6:
1 0 2 0 0 2
0 0 2 0 0 0 
0 0 0 2 2 0
0 0 2 0 0 0
0 0 0 1 0 0
0 0 0 0 0 0

Input 6x6:
1 0 0 0 0 0
0 0 0 1 0 0
2 0 0 0 0 0
0 0 1 0 0 0
1 0 0 1 0 0
0 0 0 0 0 0

Input 6x6:
2 0 0 0 0 0 
0 2 0 1 1 0
0 1 0 0 2 0
0 0 0 0 2 0
0 0 0 0 0 0
0 0 0 0 0 0