Input 6x6: (Berhasil)

1) Easy

0 0 0 0 0 2
0 0 1 0 0 1
0 2 0 0 0 0
0 1 0 0 1 0
0 1 1 1 1 0
0 0 0 0 0 0

2) Easy

0 0 0 0 0 0
1 2 2 2 0 0
0 0 2 0 2 0
0 1 2 0 1 0
0 0 0 2 0 0
0 2 0 0 0 0

3) Hard (berhasil 1x)

0 0 0 0 0 0
0 0 1 0 0 0
0 0 0 2 0 0
0 0 2 0 2 0
0 0 1 0 2 0
0 1 0 0 0 1

4) Normal

0 2 0 0 0 0
0 0 2 0 2 0
0 0 0 2 2 0
0 0 0 2 0 0
0 0 2 0 0 0
2 0 0 0 0 0

5) Normal

1 0 0 0 0 0
0 0 0 2 0 0
0 1 0 0 0 0
0 1 0 1 0 1
0 0 1 0 1 0
0 0 0 0 0 2

6) Normal

1 0 0 2 0 0
0 1 2 0 0 0
0 0 0 2 0 0
0 2 0 0 0 0
0 0 2 0 2 0
0 0 0 0 0 2

7) Normal

2 0 0 0 0 0
0 1 1 0 0 0
1 0 0 0 1 0
0 0 1 0 1 0
0 0 1 0 1 0
0 0 0 0 1 2

8) Hard

0 0 0 1 0 0
0 1 0 0 0 1
0 0 1 0 1 0
0 2 2 0 2 0
0 0 0 0 0 2
0 0 0 0 0 0

9) Hard

2 0 0 0 0 0
0 2 0 2 1 0
1 0 0 0 0 0
0 1 2 0 0 0
0 0 0 2 0 0
0 0 0 0 0 0


Input 6x6: (Gagal)

1) Normal

1 0 2 0 0 2
0 0 2 0 0 0 
0 0 0 2 2 0
0 0 2 0 0 0
0 0 0 1 0 0
0 0 0 0 0 0

2) Normal

1 0 0 0 0 0
0 0 0 1 0 0
2 0 0 0 0 0
0 0 1 0 0 0
1 0 0 1 0 0
0 0 0 0 0 0

3) Hard

2 0 0 0 0 0 
0 2 0 1 1 0
0 1 0 0 2 0
0 0 0 0 2 0
0 0 0 0 0 0
0 0 0 0 0 0